Dynamical matrix file
default                                                                    
  1    2   2   6.7500000   0.0000000   0.0000000   0.0000000   0.0000000   0.0000000
           1  'C      '    10947.083370705141     
    1    1      0.0000000000      0.0000000000      0.0000000000
    2    1      0.2500000000      0.2500000000      0.2500000000

     Dynamical  Matrix in cartesian axes

     q = (   -0.250000000   0.250000000  -0.250000000 ) 

    1    1
  0.84296466  -0.00000000    -0.07177065   0.00000000     0.07177065  -0.00000000
 -0.07177065   0.00000000     0.84296466   0.00000000    -0.07177065   0.00000000
  0.07177065  -0.00000000    -0.07177065   0.00000000     0.84296466   0.00000000
    1    2
 -0.57094729  -0.17003831    -0.03390308   0.03474559     0.03390308  -0.03474559
 -0.03390308   0.03474559    -0.57094729  -0.17003831    -0.03390308   0.03474559
  0.03390308  -0.03474559    -0.03390308   0.03474559    -0.57094729  -0.17003831
    2    1
 -0.57094729   0.17003831    -0.03390308  -0.03474559     0.03390308   0.03474559
 -0.03390308  -0.03474559    -0.57094729   0.17003831    -0.03390308  -0.03474559
  0.03390308   0.03474559    -0.03390308  -0.03474559    -0.57094729   0.17003831
    2    2
  0.84296466   0.00000000    -0.07177065  -0.00000000     0.07177065   0.00000000
 -0.07177065  -0.00000000     0.84296466   0.00000000    -0.07177065  -0.00000000
  0.07177065   0.00000000    -0.07177065  -0.00000000     0.84296466  -0.00000000

     Dynamical  Matrix in cartesian axes

     q = (    0.250000000  -0.250000000  -0.250000000 ) 

    1    1
  0.84296466  -0.00000000    -0.07177065   0.00000000    -0.07177065   0.00000000
 -0.07177065   0.00000000     0.84296466  -0.00000000     0.07177065  -0.00000000
 -0.07177065   0.00000000     0.07177065  -0.00000000     0.84296466  -0.00000000
    1    2
 -0.57094729  -0.17003831    -0.03390308   0.03474559    -0.03390308   0.03474559
 -0.03390308   0.03474559    -0.57094729  -0.17003831     0.03390308  -0.03474559
 -0.03390308   0.03474559     0.03390308  -0.03474559    -0.57094729  -0.17003831
    2    1
 -0.57094729   0.17003831    -0.03390308  -0.03474559    -0.03390308  -0.03474559
 -0.03390308  -0.03474559    -0.57094729   0.17003831     0.03390308   0.03474559
 -0.03390308  -0.03474559     0.03390308   0.03474559    -0.57094729   0.17003831
    2    2
  0.84296466  -0.00000000    -0.07177065  -0.00000000    -0.07177065  -0.00000000
 -0.07177065  -0.00000000     0.84296466   0.00000000     0.07177065   0.00000000
 -0.07177065  -0.00000000     0.07177065   0.00000000     0.84296466   0.00000000

     Dynamical  Matrix in cartesian axes

     q = (    0.250000000  -0.250000000   0.250000000 ) 

    1    1
  0.84296466   0.00000000    -0.07177065  -0.00000000     0.07177065   0.00000000
 -0.07177065  -0.00000000     0.84296466   0.00000000    -0.07177065  -0.00000000
  0.07177065   0.00000000    -0.07177065  -0.00000000     0.84296466  -0.00000000
    1    2
 -0.57094729   0.17003831    -0.03390308  -0.03474559     0.03390308   0.03474559
 -0.03390308  -0.03474559    -0.57094729   0.17003831    -0.03390308  -0.03474559
  0.03390308   0.03474559    -0.03390308  -0.03474559    -0.57094729   0.17003831
    2    1
 -0.57094729  -0.17003831    -0.03390308   0.03474559     0.03390308  -0.03474559
 -0.03390308   0.03474559    -0.57094729  -0.17003831    -0.03390308   0.03474559
  0.03390308  -0.03474559    -0.03390308   0.03474559    -0.57094729  -0.17003831
    2    2
  0.84296466  -0.00000000    -0.07177065   0.00000000     0.07177065  -0.00000000
 -0.07177065   0.00000000     0.84296466  -0.00000000    -0.07177065   0.00000000
  0.07177065  -0.00000000    -0.07177065   0.00000000     0.84296466   0.00000000

     Dynamical  Matrix in cartesian axes

     q = (    0.250000000   0.250000000   0.250000000 ) 

    1    1
  0.84296466   0.00000000     0.07177065  -0.00000000     0.07177065  -0.00000000
  0.07177065  -0.00000000     0.84296466  -0.00000000     0.07177065  -0.00000000
  0.07177065  -0.00000000     0.07177065  -0.00000000     0.84296466  -0.00000000
    1    2
 -0.17003831   0.57094729    -0.03474559  -0.03390308    -0.03474559  -0.03390308
 -0.03474559  -0.03390308    -0.17003831   0.57094729    -0.03474559  -0.03390308
 -0.03474559  -0.03390308    -0.03474559  -0.03390308    -0.17003831   0.57094729
    2    1
 -0.17003831  -0.57094729    -0.03474559   0.03390308    -0.03474559   0.03390308
 -0.03474559   0.03390308    -0.17003831  -0.57094729    -0.03474559   0.03390308
 -0.03474559   0.03390308    -0.03474559   0.03390308    -0.17003831  -0.57094729
    2    2
  0.84296466   0.00000000     0.07177065   0.00000000     0.07177065   0.00000000
  0.07177065   0.00000000     0.84296466   0.00000000     0.07177065   0.00000000
  0.07177065   0.00000000     0.07177065   0.00000000     0.84296466   0.00000000

     Dynamical  Matrix in cartesian axes

     q = (   -0.250000000  -0.250000000  -0.250000000 ) 

    1    1
  0.84296466  -0.00000000     0.07177065   0.00000000     0.07177065   0.00000000
  0.07177065   0.00000000     0.84296466   0.00000000     0.07177065   0.00000000
  0.07177065   0.00000000     0.07177065   0.00000000     0.84296466   0.00000000
    1    2
 -0.17003831  -0.57094729    -0.03474559   0.03390308    -0.03474559   0.03390308
 -0.03474559   0.03390308    -0.17003831  -0.57094729    -0.03474559   0.03390308
 -0.03474559   0.03390308    -0.03474559   0.03390308    -0.17003831  -0.57094729
    2    1
 -0.17003831   0.57094729    -0.03474559  -0.03390308    -0.03474559  -0.03390308
 -0.03474559  -0.03390308    -0.17003831   0.57094729    -0.03474559  -0.03390308
 -0.03474559  -0.03390308    -0.03474559  -0.03390308    -0.17003831   0.57094729
    2    2
  0.84296466   0.00000000     0.07177065  -0.00000000     0.07177065  -0.00000000
  0.07177065  -0.00000000     0.84296466  -0.00000000     0.07177065  -0.00000000
  0.07177065  -0.00000000     0.07177065  -0.00000000     0.84296466  -0.00000000

     Dynamical  Matrix in cartesian axes

     q = (   -0.250000000  -0.250000000   0.250000000 ) 

    1    1
  0.84296466  -0.00000000     0.07177065  -0.00000000    -0.07177065   0.00000000
  0.07177065  -0.00000000     0.84296466   0.00000000    -0.07177065   0.00000000
 -0.07177065   0.00000000    -0.07177065   0.00000000     0.84296466  -0.00000000
    1    2
 -0.57094729  -0.17003831     0.03390308  -0.03474559    -0.03390308   0.03474559
  0.03390308  -0.03474559    -0.57094729  -0.17003831    -0.03390308   0.03474559
 -0.03390308   0.03474559    -0.03390308   0.03474559    -0.57094729  -0.17003831
    2    1
 -0.57094729   0.17003831     0.03390308   0.03474559    -0.03390308  -0.03474559
  0.03390308   0.03474559    -0.57094729   0.17003831    -0.03390308  -0.03474559
 -0.03390308  -0.03474559    -0.03390308  -0.03474559    -0.57094729   0.17003831
    2    2
  0.84296466   0.00000000     0.07177065   0.00000000    -0.07177065  -0.00000000
  0.07177065   0.00000000     0.84296466   0.00000000    -0.07177065  -0.00000000
 -0.07177065  -0.00000000    -0.07177065  -0.00000000     0.84296466   0.00000000

     Dynamical  Matrix in cartesian axes

     q = (   -0.250000000   0.250000000   0.250000000 ) 

    1    1
  0.84296466   0.00000000    -0.07177065  -0.00000000    -0.07177065  -0.00000000
 -0.07177065  -0.00000000     0.84296466   0.00000000     0.07177065   0.00000000
 -0.07177065  -0.00000000     0.07177065   0.00000000     0.84296466  -0.00000000
    1    2
 -0.57094729   0.17003831    -0.03390308  -0.03474559    -0.03390308  -0.03474559
 -0.03390308  -0.03474559    -0.57094729   0.17003831     0.03390308   0.03474559
 -0.03390308  -0.03474559     0.03390308   0.03474559    -0.57094729   0.17003831
    2    1
 -0.57094729  -0.17003831    -0.03390308   0.03474559    -0.03390308   0.03474559
 -0.03390308   0.03474559    -0.57094729  -0.17003831     0.03390308  -0.03474559
 -0.03390308   0.03474559     0.03390308  -0.03474559    -0.57094729  -0.17003831
    2    2
  0.84296466  -0.00000000    -0.07177065   0.00000000    -0.07177065   0.00000000
 -0.07177065   0.00000000     0.84296466  -0.00000000     0.07177065  -0.00000000
 -0.07177065   0.00000000     0.07177065  -0.00000000     0.84296466   0.00000000

     Dynamical  Matrix in cartesian axes

     q = (    0.250000000   0.250000000  -0.250000000 ) 

    1    1
  0.84296466   0.00000000     0.07177065   0.00000000    -0.07177065  -0.00000000
  0.07177065   0.00000000     0.84296466  -0.00000000    -0.07177065  -0.00000000
 -0.07177065  -0.00000000    -0.07177065  -0.00000000     0.84296466   0.00000000
    1    2
 -0.57094729   0.17003831     0.03390308   0.03474559    -0.03390308  -0.03474559
  0.03390308   0.03474559    -0.57094729   0.17003831    -0.03390308  -0.03474559
 -0.03390308  -0.03474559    -0.03390308  -0.03474559    -0.57094729   0.17003831
    2    1
 -0.57094729  -0.17003831     0.03390308  -0.03474559    -0.03390308   0.03474559
  0.03390308  -0.03474559    -0.57094729  -0.17003831    -0.03390308   0.03474559
 -0.03390308   0.03474559    -0.03390308   0.03474559    -0.57094729  -0.17003831
    2    2
  0.84296466   0.00000000     0.07177065  -0.00000000    -0.07177065   0.00000000
  0.07177065  -0.00000000     0.84296466  -0.00000000    -0.07177065   0.00000000
 -0.07177065   0.00000000    -0.07177065   0.00000000     0.84296466  -0.00000000

     Diagonalizing the dynamical matrix

     q = (   -0.250000000   0.250000000  -0.250000000 ) 

 **************************************************************************
     freq (    1) =      12.234458 [THz] =     408.097583 [cm-1]
 ( -0.264985 -0.052738 -0.564394 -0.119710 -0.299409 -0.066972 ) 
 ( -0.270107  0.006376 -0.576914  0.006376 -0.306807  0.000000 ) 
     freq (    2) =      12.234458 [THz] =     408.097583 [cm-1]
 (  0.498784  0.107469  0.021495  0.000709 -0.477289 -0.106760 ) 
 (  0.510214 -0.004000  0.021131 -0.004000 -0.489083  0.000000 ) 
     freq (    3) =      20.600843 [THz] =     687.170150 [cm-1]
 (  0.368609  0.175483 -0.368609 -0.175483  0.368609  0.175483 ) 
 (  0.408248 -0.000000 -0.408248  0.000000  0.408248  0.000000 ) 
     freq (    4) =      37.084118 [THz] =    1236.993029 [cm-1]
 ( -0.372424  0.003032 -0.565979 -0.040263 -0.193555 -0.043294 ) 
 (  0.362781 -0.084253  0.561119 -0.084253  0.198338  0.000000 ) 
     freq (    5) =      37.084118 [THz] =    1236.993029 [cm-1]
 (  0.436199  0.065988 -0.092938 -0.052369 -0.529138 -0.118357 ) 
 ( -0.440085  0.030819  0.102129  0.030819  0.542213  0.000000 ) 
     freq (    6) =      39.067433 [THz] =    1303.149279 [cm-1]
 (  0.368609  0.175483 -0.368609 -0.175483  0.368609  0.175483 ) 
 ( -0.408248  0.000000  0.408248  0.000000 -0.408248  0.000000 ) 
 **************************************************************************
