Dynamical matrix file
default                                                                    
  1    2   2   6.7500000   0.0000000   0.0000000   0.0000000   0.0000000   0.0000000
           1  'C      '    10947.083370705141     
    1    1      0.0000000000      0.0000000000      0.0000000000
    2    1      0.2500000000      0.2500000000      0.2500000000

     Dynamical  Matrix in cartesian axes

     q = (    0.750000000  -0.250000000   0.750000000 ) 

    1    1
  0.85191244   0.00000000    -0.06154061   0.06016653     0.06812839   0.00000000
 -0.06154061  -0.06016653     1.09309219   0.00000000    -0.06154061  -0.06016653
  0.06812839   0.00000000    -0.06154061   0.06016653     0.85191244   0.00000000
    1    2
 -0.17946979   0.18877834    -0.02665017   0.04855258    -0.03185633  -0.14444285
 -0.02665017   0.04855258    -0.17526507   0.21647638    -0.02665017   0.04855258
 -0.03185633  -0.14444285    -0.02665017   0.04855258    -0.17946979   0.18877834
    2    1
 -0.17946979  -0.18877834    -0.02665017  -0.04855258    -0.03185633   0.14444285
 -0.02665017  -0.04855258    -0.17526507  -0.21647638    -0.02665017  -0.04855258
 -0.03185633   0.14444285    -0.02665017  -0.04855258    -0.17946979  -0.18877834
    2    2
  0.85191244   0.00000000    -0.06154061  -0.06016653     0.06812839   0.00000000
 -0.06154061   0.06016653     1.09309219   0.00000000    -0.06154061   0.06016653
  0.06812839   0.00000000    -0.06154061  -0.06016653     0.85191244   0.00000000

     Dynamical  Matrix in cartesian axes

     q = (    0.750000000  -0.250000000  -0.750000000 ) 

    1    1
  0.85191244   0.00000000    -0.06154061  -0.06016653    -0.06812839   0.00000000
 -0.06154061   0.06016653     1.09309219   0.00000000     0.06154061  -0.06016653
 -0.06812839   0.00000000     0.06154061   0.06016653     0.85191244   0.00000000
    1    2
 -0.18877834   0.17946979    -0.04855258   0.02665017    -0.14444285  -0.03185633
 -0.04855258   0.02665017    -0.21647638   0.17526507     0.04855258  -0.02665017
 -0.14444285  -0.03185633     0.04855258  -0.02665017    -0.18877834   0.17946979
    2    1
 -0.18877834  -0.17946979    -0.04855258  -0.02665017    -0.14444285   0.03185633
 -0.04855258  -0.02665017    -0.21647638  -0.17526507     0.04855258   0.02665017
 -0.14444285   0.03185633     0.04855258   0.02665017    -0.18877834  -0.17946979
    2    2
  0.85191244   0.00000000    -0.06154061   0.06016653    -0.06812839   0.00000000
 -0.06154061  -0.06016653     1.09309219   0.00000000     0.06154061   0.06016653
 -0.06812839   0.00000000     0.06154061  -0.06016653     0.85191244   0.00000000

     Dynamical  Matrix in cartesian axes

     q = (   -0.750000000  -0.250000000  -0.750000000 ) 

    1    1
  0.85191244   0.00000000     0.06154061  -0.06016653     0.06812839   0.00000000
  0.06154061   0.06016653     1.09309219   0.00000000     0.06154061   0.06016653
  0.06812839   0.00000000     0.06154061  -0.06016653     0.85191244   0.00000000
    1    2
  0.18877834   0.17946979    -0.04855258  -0.02665017    -0.14444285   0.03185633
 -0.04855258  -0.02665017     0.21647638   0.17526507    -0.04855258  -0.02665017
 -0.14444285   0.03185633    -0.04855258  -0.02665017     0.18877834   0.17946979
    2    1
  0.18877834  -0.17946979    -0.04855258   0.02665017    -0.14444285  -0.03185633
 -0.04855258   0.02665017     0.21647638  -0.17526507    -0.04855258   0.02665017
 -0.14444285  -0.03185633    -0.04855258   0.02665017     0.18877834  -0.17946979
    2    2
  0.85191244   0.00000000     0.06154061   0.06016653     0.06812839   0.00000000
  0.06154061  -0.06016653     1.09309219   0.00000000     0.06154061  -0.06016653
  0.06812839   0.00000000     0.06154061   0.06016653     0.85191244   0.00000000

     Dynamical  Matrix in cartesian axes

     q = (   -0.750000000  -0.250000000   0.750000000 ) 

    1    1
  0.85191244   0.00000000     0.06154061   0.06016653    -0.06812839   0.00000000
  0.06154061  -0.06016653     1.09309219   0.00000000    -0.06154061   0.06016653
 -0.06812839   0.00000000    -0.06154061  -0.06016653     0.85191244   0.00000000
    1    2
 -0.18877834   0.17946979     0.04855258  -0.02665017    -0.14444285  -0.03185633
  0.04855258  -0.02665017    -0.21647638   0.17526507    -0.04855258   0.02665017
 -0.14444285  -0.03185633    -0.04855258   0.02665017    -0.18877834   0.17946979
    2    1
 -0.18877834  -0.17946979     0.04855258   0.02665017    -0.14444285   0.03185633
  0.04855258   0.02665017    -0.21647638  -0.17526507    -0.04855258  -0.02665017
 -0.14444285   0.03185633    -0.04855258  -0.02665017    -0.18877834  -0.17946979
    2    2
  0.85191244   0.00000000     0.06154061  -0.06016653    -0.06812839   0.00000000
  0.06154061   0.06016653     1.09309219   0.00000000    -0.06154061  -0.06016653
 -0.06812839   0.00000000    -0.06154061   0.06016653     0.85191244   0.00000000

     Dynamical  Matrix in cartesian axes

     q = (   -0.750000000   0.250000000  -0.750000000 ) 

    1    1
  0.85191244   0.00000000    -0.06154061  -0.06016653     0.06812839   0.00000000
 -0.06154061   0.06016653     1.09309219   0.00000000    -0.06154061   0.06016653
  0.06812839   0.00000000    -0.06154061  -0.06016653     0.85191244   0.00000000
    1    2
 -0.17946979  -0.18877834    -0.02665017  -0.04855258    -0.03185633   0.14444285
 -0.02665017  -0.04855258    -0.17526507  -0.21647638    -0.02665017  -0.04855258
 -0.03185633   0.14444285    -0.02665017  -0.04855258    -0.17946979  -0.18877834
    2    1
 -0.17946979   0.18877834    -0.02665017   0.04855258    -0.03185633  -0.14444285
 -0.02665017   0.04855258    -0.17526507   0.21647638    -0.02665017   0.04855258
 -0.03185633  -0.14444285    -0.02665017   0.04855258    -0.17946979   0.18877834
    2    2
  0.85191244   0.00000000    -0.06154061   0.06016653     0.06812839   0.00000000
 -0.06154061  -0.06016653     1.09309219   0.00000000    -0.06154061  -0.06016653
  0.06812839   0.00000000    -0.06154061   0.06016653     0.85191244   0.00000000

     Dynamical  Matrix in cartesian axes

     q = (   -0.250000000   0.750000000  -0.750000000 ) 

    1    1
  1.09309219   0.00000000    -0.06154061   0.06016653     0.06154061  -0.06016653
 -0.06154061  -0.06016653     0.85191244   0.00000000    -0.06812839   0.00000000
  0.06154061   0.06016653    -0.06812839   0.00000000     0.85191244   0.00000000
    1    2
 -0.21647638   0.17526507    -0.04855258   0.02665017     0.04855258  -0.02665017
 -0.04855258   0.02665017    -0.18877834   0.17946979    -0.14444285  -0.03185633
  0.04855258  -0.02665017    -0.14444285  -0.03185633    -0.18877834   0.17946979
    2    1
 -0.21647638  -0.17526507    -0.04855258  -0.02665017     0.04855258   0.02665017
 -0.04855258  -0.02665017    -0.18877834  -0.17946979    -0.14444285   0.03185633
  0.04855258   0.02665017    -0.14444285   0.03185633    -0.18877834  -0.17946979
    2    2
  1.09309219   0.00000000    -0.06154061  -0.06016653     0.06154061   0.06016653
 -0.06154061   0.06016653     0.85191244   0.00000000    -0.06812839   0.00000000
  0.06154061  -0.06016653    -0.06812839   0.00000000     0.85191244   0.00000000

     Dynamical  Matrix in cartesian axes

     q = (   -0.750000000   0.750000000  -0.250000000 ) 

    1    1
  0.85191244   0.00000000    -0.06812839   0.00000000     0.06154061   0.06016653
 -0.06812839   0.00000000     0.85191244   0.00000000    -0.06154061  -0.06016653
  0.06154061  -0.06016653    -0.06154061   0.06016653     1.09309219   0.00000000
    1    2
 -0.18877834   0.17946979    -0.14444285  -0.03185633     0.04855258  -0.02665017
 -0.14444285  -0.03185633    -0.18877834   0.17946979    -0.04855258   0.02665017
  0.04855258  -0.02665017    -0.04855258   0.02665017    -0.21647638   0.17526507
    2    1
 -0.18877834  -0.17946979    -0.14444285   0.03185633     0.04855258   0.02665017
 -0.14444285   0.03185633    -0.18877834  -0.17946979    -0.04855258  -0.02665017
  0.04855258   0.02665017    -0.04855258  -0.02665017    -0.21647638  -0.17526507
    2    2
  0.85191244   0.00000000    -0.06812839   0.00000000     0.06154061  -0.06016653
 -0.06812839   0.00000000     0.85191244   0.00000000    -0.06154061   0.06016653
  0.06154061   0.06016653    -0.06154061  -0.06016653     1.09309219   0.00000000

     Dynamical  Matrix in cartesian axes

     q = (    0.750000000   0.250000000   0.750000000 ) 

    1    1
  0.85191244   0.00000000     0.06154061   0.06016653     0.06812839   0.00000000
  0.06154061  -0.06016653     1.09309219   0.00000000     0.06154061  -0.06016653
  0.06812839   0.00000000     0.06154061   0.06016653     0.85191244   0.00000000
    1    2
  0.18877834  -0.17946979    -0.04855258   0.02665017    -0.14444285  -0.03185633
 -0.04855258   0.02665017     0.21647638  -0.17526507    -0.04855258   0.02665017
 -0.14444285  -0.03185633    -0.04855258   0.02665017     0.18877834  -0.17946979
    2    1
  0.18877834   0.17946979    -0.04855258  -0.02665017    -0.14444285   0.03185633
 -0.04855258  -0.02665017     0.21647638   0.17526507    -0.04855258  -0.02665017
 -0.14444285   0.03185633    -0.04855258  -0.02665017     0.18877834   0.17946979
    2    2
  0.85191244   0.00000000     0.06154061  -0.06016653     0.06812839   0.00000000
  0.06154061   0.06016653     1.09309219   0.00000000     0.06154061   0.06016653
  0.06812839   0.00000000     0.06154061  -0.06016653     0.85191244   0.00000000

     Dynamical  Matrix in cartesian axes

     q = (   -0.750000000   0.250000000   0.750000000 ) 

    1    1
  0.85191244   0.00000000    -0.06154061   0.06016653    -0.06812839   0.00000000
 -0.06154061  -0.06016653     1.09309219   0.00000000     0.06154061   0.06016653
 -0.06812839   0.00000000     0.06154061  -0.06016653     0.85191244   0.00000000
    1    2
 -0.18877834  -0.17946979    -0.04855258  -0.02665017    -0.14444285   0.03185633
 -0.04855258  -0.02665017    -0.21647638  -0.17526507     0.04855258   0.02665017
 -0.14444285   0.03185633     0.04855258   0.02665017    -0.18877834  -0.17946979
    2    1
 -0.18877834   0.17946979    -0.04855258   0.02665017    -0.14444285  -0.03185633
 -0.04855258   0.02665017    -0.21647638   0.17526507     0.04855258  -0.02665017
 -0.14444285  -0.03185633     0.04855258  -0.02665017    -0.18877834   0.17946979
    2    2
  0.85191244   0.00000000    -0.06154061  -0.06016653    -0.06812839   0.00000000
 -0.06154061   0.06016653     1.09309219   0.00000000     0.06154061  -0.06016653
 -0.06812839   0.00000000     0.06154061   0.06016653     0.85191244   0.00000000

     Dynamical  Matrix in cartesian axes

     q = (    0.750000000   0.250000000  -0.750000000 ) 

    1    1
  0.85191244   0.00000000     0.06154061  -0.06016653    -0.06812839   0.00000000
  0.06154061   0.06016653     1.09309219   0.00000000    -0.06154061  -0.06016653
 -0.06812839   0.00000000    -0.06154061   0.06016653     0.85191244   0.00000000
    1    2
 -0.18877834  -0.17946979     0.04855258   0.02665017    -0.14444285   0.03185633
  0.04855258   0.02665017    -0.21647638  -0.17526507    -0.04855258  -0.02665017
 -0.14444285   0.03185633    -0.04855258  -0.02665017    -0.18877834  -0.17946979
    2    1
 -0.18877834   0.17946979     0.04855258  -0.02665017    -0.14444285  -0.03185633
  0.04855258  -0.02665017    -0.21647638   0.17526507    -0.04855258   0.02665017
 -0.14444285  -0.03185633    -0.04855258   0.02665017    -0.18877834   0.17946979
    2    2
  0.85191244   0.00000000     0.06154061   0.06016653    -0.06812839   0.00000000
  0.06154061  -0.06016653     1.09309219   0.00000000    -0.06154061   0.06016653
 -0.06812839   0.00000000    -0.06154061  -0.06016653     0.85191244   0.00000000

     Dynamical  Matrix in cartesian axes

     q = (   -0.750000000   0.750000000   0.250000000 ) 

    1    1
  0.85191244   0.00000000    -0.06812839   0.00000000    -0.06154061   0.06016653
 -0.06812839   0.00000000     0.85191244   0.00000000     0.06154061  -0.06016653
 -0.06154061  -0.06016653     0.06154061   0.06016653     1.09309219   0.00000000
    1    2
 -0.18877834  -0.17946979    -0.14444285   0.03185633    -0.04855258  -0.02665017
 -0.14444285   0.03185633    -0.18877834  -0.17946979     0.04855258   0.02665017
 -0.04855258  -0.02665017     0.04855258   0.02665017    -0.21647638  -0.17526507
    2    1
 -0.18877834   0.17946979    -0.14444285  -0.03185633    -0.04855258   0.02665017
 -0.14444285  -0.03185633    -0.18877834   0.17946979     0.04855258  -0.02665017
 -0.04855258   0.02665017     0.04855258  -0.02665017    -0.21647638   0.17526507
    2    2
  0.85191244   0.00000000    -0.06812839   0.00000000    -0.06154061  -0.06016653
 -0.06812839   0.00000000     0.85191244   0.00000000     0.06154061   0.06016653
 -0.06154061   0.06016653     0.06154061  -0.06016653     1.09309219   0.00000000

     Dynamical  Matrix in cartesian axes

     q = (   -0.250000000   0.750000000   0.750000000 ) 

    1    1
  1.09309219   0.00000000    -0.06154061  -0.06016653    -0.06154061  -0.06016653
 -0.06154061   0.06016653     0.85191244   0.00000000     0.06812839   0.00000000
 -0.06154061   0.06016653     0.06812839   0.00000000     0.85191244   0.00000000
    1    2
 -0.17526507   0.21647638    -0.02665017   0.04855258    -0.02665017   0.04855258
 -0.02665017   0.04855258    -0.17946979   0.18877834    -0.03185633  -0.14444285
 -0.02665017   0.04855258    -0.03185633  -0.14444285    -0.17946979   0.18877834
    2    1
 -0.17526507  -0.21647638    -0.02665017  -0.04855258    -0.02665017  -0.04855258
 -0.02665017  -0.04855258    -0.17946979  -0.18877834    -0.03185633   0.14444285
 -0.02665017  -0.04855258    -0.03185633   0.14444285    -0.17946979  -0.18877834
    2    2
  1.09309219   0.00000000    -0.06154061   0.06016653    -0.06154061   0.06016653
 -0.06154061  -0.06016653     0.85191244   0.00000000     0.06812839   0.00000000
 -0.06154061  -0.06016653     0.06812839   0.00000000     0.85191244   0.00000000

     Dynamical  Matrix in cartesian axes

     q = (    0.250000000   0.750000000  -0.750000000 ) 

    1    1
  1.09309219   0.00000000     0.06154061   0.06016653    -0.06154061  -0.06016653
  0.06154061  -0.06016653     0.85191244   0.00000000    -0.06812839   0.00000000
 -0.06154061   0.06016653    -0.06812839   0.00000000     0.85191244   0.00000000
    1    2
 -0.21647638  -0.17526507     0.04855258   0.02665017    -0.04855258  -0.02665017
  0.04855258   0.02665017    -0.18877834  -0.17946979    -0.14444285   0.03185633
 -0.04855258  -0.02665017    -0.14444285   0.03185633    -0.18877834  -0.17946979
    2    1
 -0.21647638   0.17526507     0.04855258  -0.02665017    -0.04855258   0.02665017
  0.04855258  -0.02665017    -0.18877834   0.17946979    -0.14444285  -0.03185633
 -0.04855258   0.02665017    -0.14444285  -0.03185633    -0.18877834   0.17946979
    2    2
  1.09309219   0.00000000     0.06154061  -0.06016653    -0.06154061   0.06016653
  0.06154061   0.06016653     0.85191244   0.00000000    -0.06812839   0.00000000
 -0.06154061  -0.06016653    -0.06812839   0.00000000     0.85191244   0.00000000

     Dynamical  Matrix in cartesian axes

     q = (   -0.250000000  -0.750000000  -0.750000000 ) 

    1    1
  1.09309219   0.00000000     0.06154061   0.06016653     0.06154061   0.06016653
  0.06154061  -0.06016653     0.85191244   0.00000000     0.06812839   0.00000000
  0.06154061  -0.06016653     0.06812839   0.00000000     0.85191244   0.00000000
    1    2
  0.21647638   0.17526507    -0.04855258  -0.02665017    -0.04855258  -0.02665017
 -0.04855258  -0.02665017     0.18877834   0.17946979    -0.14444285   0.03185633
 -0.04855258  -0.02665017    -0.14444285   0.03185633     0.18877834   0.17946979
    2    1
  0.21647638  -0.17526507    -0.04855258   0.02665017    -0.04855258   0.02665017
 -0.04855258   0.02665017     0.18877834  -0.17946979    -0.14444285  -0.03185633
 -0.04855258   0.02665017    -0.14444285  -0.03185633     0.18877834  -0.17946979
    2    2
  1.09309219   0.00000000     0.06154061  -0.06016653     0.06154061  -0.06016653
  0.06154061   0.06016653     0.85191244   0.00000000     0.06812839   0.00000000
  0.06154061   0.06016653     0.06812839   0.00000000     0.85191244   0.00000000

     Dynamical  Matrix in cartesian axes

     q = (    0.750000000   0.750000000  -0.250000000 ) 

    1    1
  0.85191244   0.00000000     0.06812839   0.00000000    -0.06154061   0.06016653
  0.06812839   0.00000000     0.85191244   0.00000000    -0.06154061   0.06016653
 -0.06154061  -0.06016653    -0.06154061  -0.06016653     1.09309219   0.00000000
    1    2
 -0.17946979   0.18877834    -0.03185633  -0.14444285    -0.02665017   0.04855258
 -0.03185633  -0.14444285    -0.17946979   0.18877834    -0.02665017   0.04855258
 -0.02665017   0.04855258    -0.02665017   0.04855258    -0.17526507   0.21647638
    2    1
 -0.17946979  -0.18877834    -0.03185633   0.14444285    -0.02665017  -0.04855258
 -0.03185633   0.14444285    -0.17946979  -0.18877834    -0.02665017  -0.04855258
 -0.02665017  -0.04855258    -0.02665017  -0.04855258    -0.17526507  -0.21647638
    2    2
  0.85191244   0.00000000     0.06812839   0.00000000    -0.06154061  -0.06016653
  0.06812839   0.00000000     0.85191244   0.00000000    -0.06154061  -0.06016653
 -0.06154061   0.06016653    -0.06154061   0.06016653     1.09309219   0.00000000

     Dynamical  Matrix in cartesian axes

     q = (    0.750000000  -0.750000000   0.250000000 ) 

    1    1
  0.85191244   0.00000000    -0.06812839   0.00000000     0.06154061  -0.06016653
 -0.06812839   0.00000000     0.85191244   0.00000000    -0.06154061   0.06016653
  0.06154061   0.06016653    -0.06154061  -0.06016653     1.09309219   0.00000000
    1    2
 -0.18877834  -0.17946979    -0.14444285   0.03185633     0.04855258   0.02665017
 -0.14444285   0.03185633    -0.18877834  -0.17946979    -0.04855258  -0.02665017
  0.04855258   0.02665017    -0.04855258  -0.02665017    -0.21647638  -0.17526507
    2    1
 -0.18877834   0.17946979    -0.14444285  -0.03185633     0.04855258  -0.02665017
 -0.14444285  -0.03185633    -0.18877834   0.17946979    -0.04855258   0.02665017
  0.04855258  -0.02665017    -0.04855258   0.02665017    -0.21647638   0.17526507
    2    2
  0.85191244   0.00000000    -0.06812839   0.00000000     0.06154061   0.06016653
 -0.06812839   0.00000000     0.85191244   0.00000000    -0.06154061  -0.06016653
  0.06154061  -0.06016653    -0.06154061   0.06016653     1.09309219   0.00000000

     Dynamical  Matrix in cartesian axes

     q = (   -0.750000000  -0.750000000  -0.250000000 ) 

    1    1
  0.85191244   0.00000000     0.06812839   0.00000000     0.06154061  -0.06016653
  0.06812839   0.00000000     0.85191244   0.00000000     0.06154061  -0.06016653
  0.06154061   0.06016653     0.06154061   0.06016653     1.09309219   0.00000000
    1    2
  0.18877834   0.17946979    -0.14444285   0.03185633    -0.04855258  -0.02665017
 -0.14444285   0.03185633     0.18877834   0.17946979    -0.04855258  -0.02665017
 -0.04855258  -0.02665017    -0.04855258  -0.02665017     0.21647638   0.17526507
    2    1
  0.18877834  -0.17946979    -0.14444285  -0.03185633    -0.04855258   0.02665017
 -0.14444285  -0.03185633     0.18877834  -0.17946979    -0.04855258   0.02665017
 -0.04855258   0.02665017    -0.04855258   0.02665017     0.21647638  -0.17526507
    2    2
  0.85191244   0.00000000     0.06812839   0.00000000     0.06154061   0.06016653
  0.06812839   0.00000000     0.85191244   0.00000000     0.06154061   0.06016653
  0.06154061  -0.06016653     0.06154061  -0.06016653     1.09309219   0.00000000

     Dynamical  Matrix in cartesian axes

     q = (    0.250000000  -0.750000000   0.750000000 ) 

    1    1
  1.09309219   0.00000000    -0.06154061  -0.06016653     0.06154061   0.06016653
 -0.06154061   0.06016653     0.85191244   0.00000000    -0.06812839   0.00000000
  0.06154061  -0.06016653    -0.06812839   0.00000000     0.85191244   0.00000000
    1    2
 -0.21647638  -0.17526507    -0.04855258  -0.02665017     0.04855258   0.02665017
 -0.04855258  -0.02665017    -0.18877834  -0.17946979    -0.14444285   0.03185633
  0.04855258   0.02665017    -0.14444285   0.03185633    -0.18877834  -0.17946979
    2    1
 -0.21647638   0.17526507    -0.04855258   0.02665017     0.04855258  -0.02665017
 -0.04855258   0.02665017    -0.18877834   0.17946979    -0.14444285  -0.03185633
  0.04855258  -0.02665017    -0.14444285  -0.03185633    -0.18877834   0.17946979
    2    2
  1.09309219   0.00000000    -0.06154061   0.06016653     0.06154061  -0.06016653
 -0.06154061  -0.06016653     0.85191244   0.00000000    -0.06812839   0.00000000
  0.06154061   0.06016653    -0.06812839   0.00000000     0.85191244   0.00000000

     Dynamical  Matrix in cartesian axes

     q = (   -0.750000000  -0.750000000   0.250000000 ) 

    1    1
  0.85191244   0.00000000     0.06812839   0.00000000    -0.06154061  -0.06016653
  0.06812839   0.00000000     0.85191244   0.00000000    -0.06154061  -0.06016653
 -0.06154061   0.06016653    -0.06154061   0.06016653     1.09309219   0.00000000
    1    2
 -0.17946979  -0.18877834    -0.03185633   0.14444285    -0.02665017  -0.04855258
 -0.03185633   0.14444285    -0.17946979  -0.18877834    -0.02665017  -0.04855258
 -0.02665017  -0.04855258    -0.02665017  -0.04855258    -0.17526507  -0.21647638
    2    1
 -0.17946979   0.18877834    -0.03185633  -0.14444285    -0.02665017   0.04855258
 -0.03185633  -0.14444285    -0.17946979   0.18877834    -0.02665017   0.04855258
 -0.02665017   0.04855258    -0.02665017   0.04855258    -0.17526507   0.21647638
    2    2
  0.85191244   0.00000000     0.06812839   0.00000000    -0.06154061   0.06016653
  0.06812839   0.00000000     0.85191244   0.00000000    -0.06154061   0.06016653
 -0.06154061  -0.06016653    -0.06154061  -0.06016653     1.09309219   0.00000000

     Dynamical  Matrix in cartesian axes

     q = (    0.250000000   0.750000000   0.750000000 ) 

    1    1
  1.09309219   0.00000000     0.06154061  -0.06016653     0.06154061  -0.06016653
  0.06154061   0.06016653     0.85191244   0.00000000     0.06812839   0.00000000
  0.06154061   0.06016653     0.06812839   0.00000000     0.85191244   0.00000000
    1    2
  0.21647638  -0.17526507    -0.04855258   0.02665017    -0.04855258   0.02665017
 -0.04855258   0.02665017     0.18877834  -0.17946979    -0.14444285  -0.03185633
 -0.04855258   0.02665017    -0.14444285  -0.03185633     0.18877834  -0.17946979
    2    1
  0.21647638   0.17526507    -0.04855258  -0.02665017    -0.04855258  -0.02665017
 -0.04855258  -0.02665017     0.18877834   0.17946979    -0.14444285   0.03185633
 -0.04855258  -0.02665017    -0.14444285   0.03185633     0.18877834   0.17946979
    2    2
  1.09309219   0.00000000     0.06154061   0.06016653     0.06154061   0.06016653
  0.06154061  -0.06016653     0.85191244   0.00000000     0.06812839   0.00000000
  0.06154061  -0.06016653     0.06812839   0.00000000     0.85191244   0.00000000

     Dynamical  Matrix in cartesian axes

     q = (   -0.250000000  -0.750000000   0.750000000 ) 

    1    1
  1.09309219   0.00000000     0.06154061  -0.06016653    -0.06154061   0.06016653
  0.06154061   0.06016653     0.85191244   0.00000000    -0.06812839   0.00000000
 -0.06154061  -0.06016653    -0.06812839   0.00000000     0.85191244   0.00000000
    1    2
 -0.21647638   0.17526507     0.04855258  -0.02665017    -0.04855258   0.02665017
  0.04855258  -0.02665017    -0.18877834   0.17946979    -0.14444285  -0.03185633
 -0.04855258   0.02665017    -0.14444285  -0.03185633    -0.18877834   0.17946979
    2    1
 -0.21647638  -0.17526507     0.04855258   0.02665017    -0.04855258  -0.02665017
  0.04855258   0.02665017    -0.18877834  -0.17946979    -0.14444285   0.03185633
 -0.04855258  -0.02665017    -0.14444285   0.03185633    -0.18877834  -0.17946979
    2    2
  1.09309219   0.00000000     0.06154061   0.06016653    -0.06154061  -0.06016653
  0.06154061  -0.06016653     0.85191244   0.00000000    -0.06812839   0.00000000
 -0.06154061   0.06016653    -0.06812839   0.00000000     0.85191244   0.00000000

     Dynamical  Matrix in cartesian axes

     q = (    0.750000000   0.750000000   0.250000000 ) 

    1    1
  0.85191244   0.00000000     0.06812839   0.00000000     0.06154061   0.06016653
  0.06812839   0.00000000     0.85191244   0.00000000     0.06154061   0.06016653
  0.06154061  -0.06016653     0.06154061  -0.06016653     1.09309219   0.00000000
    1    2
  0.18877834  -0.17946979    -0.14444285  -0.03185633    -0.04855258   0.02665017
 -0.14444285  -0.03185633     0.18877834  -0.17946979    -0.04855258   0.02665017
 -0.04855258   0.02665017    -0.04855258   0.02665017     0.21647638  -0.17526507
    2    1
  0.18877834   0.17946979    -0.14444285   0.03185633    -0.04855258  -0.02665017
 -0.14444285   0.03185633     0.18877834   0.17946979    -0.04855258  -0.02665017
 -0.04855258  -0.02665017    -0.04855258  -0.02665017     0.21647638   0.17526507
    2    2
  0.85191244   0.00000000     0.06812839   0.00000000     0.06154061  -0.06016653
  0.06812839   0.00000000     0.85191244   0.00000000     0.06154061  -0.06016653
  0.06154061   0.06016653     0.06154061   0.06016653     1.09309219   0.00000000

     Dynamical  Matrix in cartesian axes

     q = (    0.250000000  -0.750000000  -0.750000000 ) 

    1    1
  1.09309219   0.00000000    -0.06154061   0.06016653    -0.06154061   0.06016653
 -0.06154061  -0.06016653     0.85191244   0.00000000     0.06812839   0.00000000
 -0.06154061  -0.06016653     0.06812839   0.00000000     0.85191244   0.00000000
    1    2
 -0.17526507  -0.21647638    -0.02665017  -0.04855258    -0.02665017  -0.04855258
 -0.02665017  -0.04855258    -0.17946979  -0.18877834    -0.03185633   0.14444285
 -0.02665017  -0.04855258    -0.03185633   0.14444285    -0.17946979  -0.18877834
    2    1
 -0.17526507   0.21647638    -0.02665017   0.04855258    -0.02665017   0.04855258
 -0.02665017   0.04855258    -0.17946979   0.18877834    -0.03185633  -0.14444285
 -0.02665017   0.04855258    -0.03185633  -0.14444285    -0.17946979   0.18877834
    2    2
  1.09309219   0.00000000    -0.06154061  -0.06016653    -0.06154061  -0.06016653
 -0.06154061   0.06016653     0.85191244   0.00000000     0.06812839   0.00000000
 -0.06154061   0.06016653     0.06812839   0.00000000     0.85191244   0.00000000

     Dynamical  Matrix in cartesian axes

     q = (    0.750000000  -0.750000000  -0.250000000 ) 

    1    1
  0.85191244   0.00000000    -0.06812839   0.00000000    -0.06154061  -0.06016653
 -0.06812839   0.00000000     0.85191244   0.00000000     0.06154061   0.06016653
 -0.06154061   0.06016653     0.06154061  -0.06016653     1.09309219   0.00000000
    1    2
 -0.18877834   0.17946979    -0.14444285  -0.03185633    -0.04855258   0.02665017
 -0.14444285  -0.03185633    -0.18877834   0.17946979     0.04855258  -0.02665017
 -0.04855258   0.02665017     0.04855258  -0.02665017    -0.21647638   0.17526507
    2    1
 -0.18877834  -0.17946979    -0.14444285   0.03185633    -0.04855258  -0.02665017
 -0.14444285   0.03185633    -0.18877834  -0.17946979     0.04855258   0.02665017
 -0.04855258  -0.02665017     0.04855258   0.02665017    -0.21647638  -0.17526507
    2    2
  0.85191244   0.00000000    -0.06812839   0.00000000    -0.06154061   0.06016653
 -0.06812839   0.00000000     0.85191244   0.00000000     0.06154061  -0.06016653
 -0.06154061  -0.06016653     0.06154061   0.06016653     1.09309219   0.00000000

     Diagonalizing the dynamical matrix

     q = (    0.750000000  -0.250000000   0.750000000 ) 

 **************************************************************************
     freq (    1) =      20.361242 [THz] =     679.177917 [cm-1]
 (  0.202514 -0.457152  0.000000 -0.000000 -0.202514  0.457152 ) 
 (  0.500000 -0.000000  0.000000 -0.000000 -0.500000  0.000000 ) 
     freq (    2) =      24.512787 [THz] =     817.658575 [cm-1]
 ( -0.328940  0.234932 -0.337361  0.243717 -0.328940  0.234932 ) 
 ( -0.404221  0.000000 -0.416179 -0.002255 -0.404221  0.000000 ) 
     freq (    3) =      28.847557 [THz] =     962.250910 [cm-1]
 (  0.223301  0.266238 -0.505616  0.053480  0.223301  0.266238 ) 
 (  0.347485  0.000000 -0.283944 -0.421763  0.347485  0.000000 ) 
     freq (    4) =      33.693151 [THz] =    1123.882538 [cm-1]
 ( -0.202514  0.457152 -0.000000 -0.000000  0.202514 -0.457152 ) 
 (  0.500000 -0.000000  0.000000  0.000000 -0.500000  0.000000 ) 
     freq (    5) =      34.386436 [THz] =    1147.008032 [cm-1]
 (  0.458943 -0.016150 -0.187867 -0.207190  0.458943 -0.016150 ) 
 ( -0.459227  0.000000  0.180464 -0.213669 -0.459227  0.000000 ) 
     freq (    6) =      36.948151 [THz] =    1232.457656 [cm-1]
 ( -0.002840  0.070441  0.665943  0.215822 -0.002840  0.070441 ) 
 ( -0.070498 -0.000000 -0.188823 -0.674096 -0.070498  0.000000 ) 
 **************************************************************************
